,pais,smi,smi_eu,var_smi,sm_eu,var_sm,anio,pib,pib pc,var_pib,var_pib pc
0,España,752.9,752.9,0.0,26191.0,0.66,2014.0,1037820.0,22780.0,1.4,1.2
1,Reino,1043.0,1251.1,0.1,44203.0,5.63,2014.0,2278894.0,35300.0,3.1,9.6
2,Francia,1445.4,1445.4,1.06,37235.0,1.1,2014.0,2149765.0,32400.0,1.0,0.9
3,Portugal,565.8,565.8,0.0,17343.0,0.0,2014.0,173079.0,16600.0,0.9,1.8
4,Estados,1256.7,911.2,0.0,37693.0,2.72,2014.0,13189085.0,41402.0,2.5,3.6
5,Estados,1256.7,911.2,0.0,37693.0,2.72,2014.0,239.0,2347.0,-2.5,0.6
6,Japón,135980.0,939.6,0.0,34794.0,0.0,2014.0,3662433.0,28811.0,0.4,-0.6
7,China,1400.0,170.3,10.28,,,2014.0,7867061.0,5752.0,7.3,7.4
8,Afganistán,5000.0,0.0,0.0,,,2014.0,15518.0,474.0,2.7,-1.0
9,Albania,22000.0,156.9,0.54,,,2014.0,9969.0,3500.0,1.8,6.1
10,Armenia,66138.0,118.2,39.8,,,2014.0,8739.0,2903.0,3.6,3.3
11,Angola,9371.0,0.0,0.0,,,2014.0,109682.0,4235.0,4.8,3.5
12,Argentina,4400.0,397.1,0.0,,,2014.0,425287.0,9967.0,-2.5,-8.6
13,Australia,2736.8,1774.5,0.0,53950.0,0.0,2014.0,1101572.0,46598.0,2.4,-6.3
14,Azerbaiyán,105.0,101.2,10.16,,,2014.0,56635.0,5904.0,2.7,0.2
15,Bangladés,5300.0,50.4,78.11,,,2014.0,138512.0,869.0,6.3,12.0
16,Bélgica,1501.8,1501.8,0.0,46451.0,0.58,2014.0,400058.0,35800.0,1.3,1.4
17,Burkina,30684.0,0.0,0.0,,,2014.0,9332.0,531.0,4.3,0.7
18,Bulgaria,340.0,173.8,9.68,5080.0,2.18,2014.0,42762.0,5900.0,1.3,1.7
19,Baréin,300.0,600.8,0.0,,,2014.0,25132.0,19112.0,4.4,-2.3
20,Burundi,3467.0,0.0,0.0,,,2014.0,2209.0,223.0,4.5,10.6
21,Benín,31625.0,0.0,0.0,,,2014.0,7319.0,713.0,6.4,3.3
22,Bolivia,1440.0,152.1,14.95,,,2014.0,25018.0,2369.0,5.5,5.9
23,Brasil,724.0,222.3,0.0,,,2014.0,1851576.0,9131.0,0.5,-1.2
24,Bahamas,693.0,481.1,0.0,,,2014.0,8248.0,22910.0,-0.1,1.9
25,Bután,3000.0,0.0,0.0,,,2014.0,1377.0,1798.0,4.0,-2.6
26,Botsuana,780.0,76.0,1.06,,,2014.0,12239.0,5643.0,4.1,7.0
27,Bielorrusia,1841483.0,140.8,4.2,,,2014.0,59267.0,6251.0,1.7,4.1
28,Belice,644.0,248.8,9.98,,,2014.0,1283.0,3593.0,4.0,3.5
29,Canadá,1802.7,1228.7,0.0,33990.0,0.0,2014.0,1357467.0,38253.0,2.9,-3.2
30,República,36400.0,0.0,0.0,11334.0,0.0,2014.0,27037.0,367.0,9.5,6.3
31,República,36400.0,0.0,0.0,11334.0,0.0,2014.0,1280.0,283.0,1.0,12.9
32,República,36400.0,0.0,0.0,11334.0,0.0,2014.0,10613.0,2179.0,6.8,-2.0
33,República,36400.0,0.0,0.0,11334.0,0.0,2014.0,156660.0,14900.0,2.7,-0.7
34,República,36400.0,0.0,0.0,11334.0,0.0,2014.0,49883.0,5047.0,7.6,4.5
35,República,36400.0,0.0,0.0,11334.0,0.0,2014.0,8562.0,4100.0,3.6,5.1
36,República,8500.0,309.9,0.0,11334.0,0.0,2014.0,27037.0,367.0,9.5,6.3
37,República,8500.0,309.9,0.0,11334.0,0.0,2014.0,1280.0,283.0,1.0,12.9
38,República,8500.0,309.9,0.0,11334.0,0.0,2014.0,10613.0,2179.0,6.8,-2.0
39,República,8500.0,309.9,0.0,11334.0,0.0,2014.0,156660.0,14900.0,2.7,-0.7
40,República,8500.0,309.9,0.0,11334.0,0.0,2014.0,49883.0,5047.0,7.6,4.5
41,República,8500.0,309.9,0.0,11334.0,0.0,2014.0,8562.0,4100.0,3.6,5.1
42,República,6880.0,129.6,7.61,11334.0,0.0,2014.0,27037.0,367.0,9.5,6.3
43,República,6880.0,129.6,7.61,11334.0,0.0,2014.0,1280.0,283.0,1.0,12.9
44,República,6880.0,129.6,7.61,11334.0,0.0,2014.0,10613.0,2179.0,6.8,-2.0
45,República,6880.0,129.6,7.61,11334.0,0.0,2014.0,156660.0,14900.0,2.7,-0.7
46,República,6880.0,129.6,7.61,11334.0,0.0,2014.0,49883.0,5047.0,7.6,4.5
47,República,6880.0,129.6,7.61,11334.0,0.0,2014.0,8562.0,4100.0,3.6,5.1
48,República,13140.0,213.6,7.09,11334.0,0.0,2014.0,27037.0,367.0,9.5,6.3
49,República,13140.0,213.6,7.09,11334.0,0.0,2014.0,1280.0,283.0,1.0,12.9
50,República,13140.0,213.6,7.09,11334.0,0.0,2014.0,10613.0,2179.0,6.8,-2.0
51,República,13140.0,213.6,7.09,11334.0,0.0,2014.0,156660.0,14900.0,2.7,-0.7
52,República,13140.0,213.6,7.09,11334.0,0.0,2014.0,49883.0,5047.0,7.6,4.5
53,República,13140.0,213.6,7.09,11334.0,0.0,2014.0,8562.0,4100.0,3.6,5.1
54,Costa,60000.0,0.0,0.0,,,2014.0,26583.0,1150.0,8.8,10.1
55,Costa,60000.0,0.0,0.0,,,2014.0,38525.0,8038.0,3.5,0.4
56,Costa,233196.2,336.7,0.7,,,2014.0,26583.0,1150.0,8.8,10.1
57,Costa,233196.2,336.7,0.7,,,2014.0,38525.0,8038.0,3.5,0.4
58,Chile,216250.0,299.9,0.0,10392.0,0.0,2014.0,196102.0,11005.0,1.8,-7.4
59,Camerún,32270.0,0.0,0.0,,,2014.0,26345.0,1185.0,5.9,5.3
60,Colombia,616000.0,232.0,0.0,,,2014.0,286970.0,6021.0,4.4,-1.3
61,Cuba,225.0,0.0,0.0,,,2014.0,60971.0,5330.0,1.0,4.9
62,Chipre,870.0,870.0,1.75,22337.0,14.41,2014.0,17606.0,20700.0,-1.4,-1.4
63,Argelia,18000.0,173.4,0.0,,,2014.0,161155.0,4120.0,3.8,0.2
64,Ecuador,318.0,241.0,6.8,,,2014.0,76572.0,4778.0,3.8,5.2
65,Estonia,355.0,355.0,10.94,12338.0,5.2,2014.0,19766.0,15000.0,2.9,4.9
66,Egipto,700.0,83.6,0.0,,,2014.0,230009.0,2653.0,2.9,3.6
67,Etiopía,420.0,0.0,0.0,,,2014.0,41785.0,473.0,10.3,14.6
68,Fiyi,589.0,0.0,0.0,,,2014.0,3375.0,3898.0,5.6,6.5
69,Gabón,150000.0,0.0,0.0,,,2014.0,13706.0,7307.0,4.4,0.2
70,Georgia,20.0,8.4,0.0,,,2014.0,12431.0,3333.0,4.6,23.2
71,Ghana,141.5,56.9,0.0,,,2014.0,29186.0,1082.0,4.0,-20.8
72,Gambia,1300.0,0.0,0.0,,,2014.0,948.0,494.0,-0.9,-10.8
73,Guinea,129035.0,0.0,0.0,,,2014.0,6616.0,549.0,3.7,2.3
74,Guinea,129035.0,0.0,0.0,,,2014.0,16362.0,14487.0,0.4,-5.0
75,Grecia,683.8,683.8,0.0,20450.0,0.0,2014.0,178657.0,16400.0,0.7,-0.6
76,Guatemala,2392.0,229.4,1.25,,,2014.0,44202.0,2776.0,4.2,6.8
77,Guinea-Bisáu,19030.0,0.0,0.0,,,2014.0,794.0,499.0,1.0,-1.3
78,Guyana,35000.0,0.0,0.0,,,2014.0,2318.0,3034.0,3.9,2.6
79,Hong,6370.0,622.9,5.32,,,2014.0,219365.0,30245.0,2.8,5.1
80,Honduras,6532.0,248.1,0.0,,,2014.0,14872.0,1688.0,3.1,4.9
81,Croacia,3017.6,395.7,0.0,12232.0,0.0,2014.0,43391.0,10200.0,-0.1,-1.0
82,Haiti,6500.0,0.0,0.0,,,2014.0,6604.0,625.0,2.8,2.4
83,Hungría,101500.0,341.7,1.92,9748.0,0.0,2014.0,105574.0,10700.0,4.2,3.9
84,Indonesia,1332400.0,104.8,9.86,,,2014.0,671138.0,2662.0,5.0,-3.9
85,Irlanda,1461.9,1461.9,0.0,34178.0,1.29,2014.0,194537.0,42200.0,8.3,7.7
86,Israel,4300.0,898.1,2.88,28398.0,5.86,2014.0,233764.0,28466.0,3.9,4.0
87,India,2990.0,41.2,0.0,,,2014.0,1538483.0,1189.0,7.4,3.1
88,Irán,3303000.0,240.2,14.04,,,2014.0,318712.0,4062.0,3.2,4.7
89,Jamaica,21667.0,0.0,0.0,,,2014.0,10436.0,3728.0,0.6,-3.0
90,Jordania,150.0,0.0,0.0,,,2014.0,27006.0,3066.0,3.1,1.8
91,Kenia,13471.0,122.4,10.6,,,2014.0,46328.0,1007.0,5.4,1.4
92,Kirguistán,690.0,0.0,0.0,,,2014.0,5621.0,953.0,4.0,-0.3
93,Camboya,80.0,0.0,0.0,,,2014.0,12572.0,823.0,7.1,7.9
94,Comoras,55000.0,0.0,0.0,,,2014.0,517.0,678.0,2.0,1.6
95,Corea,1088890.0,750.5,3.9,29631.0,6.79,2014.0,1062897.0,20945.0,3.3,7.4
96,Kuwait,60.0,161.0,10.87,,,2014.0,122465.0,30321.0,0.6,-10.0
97,Kazajistán,18660.0,94.2,3.45,,,2014.0,166666.0,9569.0,4.3,-7.8
98,Laos,626000.0,0.0,0.0,,,2014.0,9986.0,1562.0,7.6,9.2
99,Líbano,500000.0,249.3,0.0,,,2014.0,36526.0,6519.0,2.0,-1.7
100,Sri,5888.0,37.4,13.27,,,2014.0,59700.0,2874.0,5.0,5.8
101,Lesoto,935.0,0.0,0.0,,,2014.0,1992.0,1006.0,3.0,4.9
102,Lituania,289.6,289.6,0.0,8116.0,5.34,2014.0,36568.0,12500.0,3.5,5.9
103,Luxemburgo,1921.0,1921.0,2.5,54920.0,2.44,2014.0,49993.0,89500.0,5.8,4.9
104,Letonia,320.0,320.0,11.63,8892.0,5.53,2014.0,23618.0,11800.0,1.9,4.4
105,Libia,450.0,0.0,0.0,,,2014.0,18263.0,2918.0,-53.0,-53.2
106,Marruecos,2334.0,209.4,0.0,,,2014.0,82798.0,2452.0,2.7,1.8
107,Moldavia,1400.0,87.5,1.48,,,2014.0,7043.0,1981.0,4.8,0.0
108,Montenegro,288.1,288.1,0.0,,,2014.0,3458.0,5558.0,1.8,2.7
109,Madagascar,108019.0,0.0,0.0,,,2014.0,8035.0,341.0,3.3,-2.0
110,Malí,28460.0,0.0,0.0,,,2014.0,10816.0,638.0,7.1,6.0
111,Mongolia,192000.0,0.0,0.0,,,2014.0,9204.0,3145.0,7.9,-4.3
112,Mauritania,30000.0,81.0,44.18,,,2014.0,4058.0,1121.0,5.6,-8.0
113,Malta,718.0,718.0,2.15,20500.0,0.0,2014.0,8467.0,19500.0,8.1,8.9
114,Mauricio,4493.0,111.6,1.0,,,2014.0,9637.0,7642.0,3.7,5.4
115,Maldivas,3100.0,169.1,0.0,,,2014.0,2778.0,8122.0,7.6,10.4
116,Malaui,8242.0,0.0,0.0,,,2014.0,4558.0,259.0,5.7,8.3
117,México,1994.7,110.4,0.0,5848.0,0.32,2014.0,989604.0,8266.0,2.8,2.0
118,Malasia,900.0,223.1,0.0,,,2014.0,254671.0,8293.0,6.0,3.0
119,Mozambique,3943.0,0.0,0.0,,,2014.0,12700.0,467.0,7.4,2.4
120,Níger,30047.0,0.0,0.0,,,2014.0,6205.0,324.0,7.5,3.4
121,Nigeria,18000.0,87.9,0.0,,,2014.0,427923.0,2425.0,6.3,7.5
122,Nicaragua,3484.0,109.9,4.94,,,2014.0,8942.0,1487.0,4.8,6.9
123,Holanda,1495.2,1495.2,0.65,49900.0,3.57,2014.0,663008.0,39300.0,1.4,1.0
124,Nepal,8000.0,69.1,23.2,,,2014.0,15051.0,531.0,6.0,2.5
125,Nueva,2448.3,1460.7,0.0,34219.0,4.2,2014.0,151446.0,33248.0,3.5,3.7
126,Omán,325.0,641.2,59.49,,,2014.0,61029.0,16419.0,1.4,-0.5
127,Panamá,366.1,277.4,0.0,,,2014.0,38561.0,9855.0,6.0,7.9
128,Perú,750.0,194.8,0.0,,,2014.0,152217.0,4940.0,2.4,-1.1
129,Papúa,437.0,0.0,0.0,,,2014.0,17358.0,2238.0,15.4,6.2
130,Filipinas,12154.8,224.6,7.19,,,2014.0,214215.0,2145.0,6.1,3.0
131,Pakistán,10000.0,77.9,13.31,,,2014.0,183938.0,988.0,4.1,3.6
132,Polonia,1680.0,404.4,2.97,10124.0,2.57,2014.0,411005.0,10700.0,3.3,3.9
133,Estado,1450.0,0.0,0.0,,,2014.0,9785.0,2279.0,-0.2,5.1
134,Paraguay,1824055.0,288.6,0.0,,,2014.0,30318.0,4554.0,4.9,2.8
135,Rumanía,900.0,205.3,8.01,6222.0,6.5,2014.0,150358.0,7500.0,3.1,4.2
136,Serbia,26941.2,232.7,0.0,,,2014.0,33319.0,4700.0,-1.8,-2.1
137,Rusia,5554.0,122.5,0.0,,,2014.0,1554404.0,10627.0,0.7,-11.6
138,Ruanda,2167.0,0.0,0.0,,,2014.0,6029.0,531.0,7.6,2.5
139,Arabia,3000.0,606.8,0.0,,,2014.0,569326.0,18503.0,3.7,-1.3
140,Islas,780.0,0.0,0.0,,,2014.0,139.0,2579.0,-0.6,-3.7
141,Islas,780.0,0.0,0.0,,,2014.0,884.0,1537.0,2.3,1.5
142,Sudán,425.0,0.0,0.0,,,2014.0,45710.0,1211.0,4.8,12.1
143,Sudán,425.0,0.0,0.0,,,2014.0,11370.0,986.0,2.9,-2.1
144,Eslovenia,789.2,789.2,0.7,17948.0,1.59,2014.0,37615.0,18200.0,3.0,3.4
145,Eslovaquia,352.0,352.0,4.23,10422.0,4.24,2014.0,76088.0,14000.0,2.8,2.2
146,Sierra,25000.0,0.0,0.0,,,2014.0,3769.0,543.0,4.6,-1.3
147,Senegal,36244.0,0.0,0.0,,,2014.0,14906.0,1025.0,6.6,1.3
148,El,197.6,149.8,2.0,,,2014.0,17001.0,2707.0,2.0,2.2
149,Siria,6110.0,0.0,0.0,,,,,,,
150,Suazilandia,657.0,0.0,0.0,,,2014.0,3298.0,2982.0,1.9,-5.2
151,Chad,60000.0,0.0,0.0,,,2014.0,10524.0,776.0,6.9,4.1
152,Togo,28000.0,0.0,0.0,,,2014.0,3444.0,476.0,5.9,3.1
153,Tailandia,7800.0,193.3,1.59,,,2014.0,306634.0,4466.0,1.0,-3.6
154,Tayikistán,250.0,0.0,0.0,,,2014.0,6957.0,832.0,6.7,6.2
155,Timor,115.0,87.2,0.0,,,2014.0,3045.0,2629.0,4.1,-30.2
156,Túnez,259.0,133.6,4.41,,,2014.0,35855.0,3217.0,3.0,1.8
157,Turquía,1134.0,391.5,8.21,9761.0,0.0,2014.0,703412.0,9053.0,5.2,-2.8
158,Trinidad,2167.0,256.1,0.0,,,2014.0,20447.0,15101.0,-1.2,0.6
159,Taiwan,19047.0,497.0,3.72,,,2014.0,400275.0,17081.0,4.0,3.4
160,Tanzania,100000.0,0.0,0.0,,,2014.0,36324.0,695.0,7.0,5.3
161,Ucrania,1218.0,115.6,4.97,,,2014.0,99618.0,2330.0,-6.6,-22.0
162,Uganda,6000.0,1.7,0.0,,,2014.0,20050.0,582.0,4.6,0.3
163,Uruguay,7920.0,308.8,10.57,,,2014.0,43083.0,12473.0,3.2,-1.0
164,Uzbekistán,96105.0,0.0,0.0,,,2014.0,47507.0,1545.0,8.0,6.6
165,Venezuela,2973.0,525.8,42.48,,,2014.0,159840.0,5200.0,-3.9,-10.7
166,Vietnam,1150000.0,0.0,0.0,,,2014.0,139826.0,1541.0,6.0,7.8
167,Sudáfrica,2474.0,221.4,0.97,,,2014.0,264193.0,4900.0,1.8,-5.7
168,Zambia,700.0,0.0,0.0,,,2014.0,20437.0,1308.0,4.7,-6.1
169,Alemania,,,,45700.0,2.27,2014.0,2932470.0,36200.0,1.9,3.4
170,Italia,,,,30347.0,1.14,2014.0,1621827.0,26700.0,0.1,0.8
171,Austria,,,,42814.0,2.11,2014.0,333063.0,39000.0,0.8,2.1
172,Suiza,,,,74528.0,4.1,2014.0,534924.0,65300.0,2.4,1.9
173,Dinamarca,,,,53319.0,0.52,2014.0,265757.0,47100.0,1.6,2.2
174,Finlandia,,,,42704.0,0.64,2014.0,205474.0,37600.0,-0.6,0.5
175,Islandia,,,,44210.0,15.99,2014.0,13048.0,39900.0,2.2,10.5
176,Noruega,,,,64922.0,0.0,2014.0,376648.0,73300.0,2.0,-5.5
177,Suecia,,,,44840.0,0.0,2014.0,432691.0,44600.0,2.6,-1.8
178,Zona,,,,,,2014.0,10122898.0,30200.0,1.3,1.7
179,Andorra,,,,,,2014.0,2559.0,32305.0,2.3,6.7
180,Emiratos,,,,,,2014.0,303453.0,33454.0,4.4,2.6
181,Antigua,,,,,,2014.0,963.0,9745.0,5.1,6.1
182,Bosnia,,,,,,2014.0,13988.0,3657.0,1.1,2.3
183,Barbados,,,,,,2014.0,3535.0,12670.0,-0.2,0.0
184,Brunéi,,,,,,2014.0,12870.0,31314.0,-2.5,-6.9
185,Cabo,,,,,,2014.0,1401.0,2704.0,0.6,-0.7
186,Yibuti,,,,,,2014.0,1195.0,1310.0,6.0,9.3
187,Dominica,,,,,,2014.0,397.0,5461.0,4.2,3.4
188,Eritrea,,,,,,2014.0,2904.0,569.0,1.7,9.8
189,Granada,,,,,,2014.0,686.0,6469.0,7.3,8.0
190,Irak,,,,,,2014.0,176629.0,5046.0,0.7,-4.6
191,Kiribati,,,,,,2014.0,135.0,1236.0,-0.6,-5.6
192,San,,,,,,2014.0,690.0,12782.0,9.5,14.2
193,San,,,,,,2014.0,1391.0,42423.0,-0.9,-1.8
194,San,,,,,,2014.0,548.0,4982.0,0.2,0.9
195,Santa,,,,,,2014.0,1142.0,6639.0,3.6,2.6
196,Liberia,,,,,,2014.0,2362.0,538.0,0.7,-0.1
197,Mónaco,,,,,,2014.0,5320.0,141114.0,7.2,8.5
198,Birmania,,,,,,2014.0,49360.0,960.0,8.0,8.1
199,Namibia,,,,,,2014.0,9632.0,4304.0,6.4,-1.4
200,Nauru,,,,,,2014.0,88.0,7339.0,36.5,-1.6
201,Palaos,,,,,,2014.0,185.0,10287.0,2.7,9.3
202,Catar,,,,,,2014.0,155231.0,70050.0,4.0,-6.2
203,Seychelles,,,,,,2014.0,1011.0,11109.0,4.5,-0.0
204,Singapur,,,,,,2014.0,234650.0,42898.0,3.9,1.0
205,Somalia,,,,,,2014.0,4941.0,366.0,0.4,-1.6
206,Surinam,,,,,,2014.0,3945.0,7057.0,0.3,0.2
207,Santo,,,,,,2014.0,263.0,1373.0,6.6,12.6
208,Turkmenistán,,,,,,2014.0,32762.0,5993.0,10.3,9.0
209,Tonga,,,,,,2014.0,336.0,3235.0,2.9,0.2
210,Tuvalu,,,,,,2014.0,28.0,2553.0,1.3,-1.8
211,Vanuatu,,,,,,2014.0,613.0,2333.0,2.3,-0.7
212,Samoa,,,,,,2014.0,605.0,3152.0,1.2,-0.7
213,Yemen,,,,,,2014.0,32367.0,1233.0,-0.2,4.7
214,Zimbabue,,,,,,2014.0,11919.0,773.0,2.8,1.6
